10.90999984741211
13.15999984741211
11.710000038146973
21.200000762939453
20.43000030517578
20.299999237060547
14.729999542236328
10.640000343322754
32.0
30.8799991607666
42.369998931884766
37.4900016784668
40.220001220703125
51.86000061035156
58.599998474121094
56.369998931884766
55.470001220703125
47.90999984741211
56.369998931884766
60.959999084472656
58.459999084472656
60.040000915527344
50.18000030517578
59.689998626708984
62.630001068115234
61.09000015258789
58.31999969482422
53.54999923706055
61.84000015258789
65.47000122070312
62.220001220703125
59.709999084472656
61.119998931884766
68.94999694824219
70.37000274658203
67.80999755859375
66.80000305175781
63.810001373291016
69.30000305175781
67.69999694824219
68.51000213623047
69.02999877929688
68.66999816894531
71.1500015258789
72.06999969482422
70.6500015258789
70.3499984741211
70.75
72.12999725341797
76.8499984741211
75.95999908447266
76.08999633789062
74.02999877929688
76.66999816894531
80.30000305175781
78.58999633789062
76.54000091552734
75.86000061035156
77.55999755859375
79.4000015258789
78.61000061035156
78.12999725341797
75.04000091552734
77.5199966430664
79.44000244140625
77.94999694824219
76.2699966430664
75.05000305175781
77.25
79.0
77.93000030517578
76.0
75.27999877929688
77.22000122070312
78.76000213623047
79.4800033569336
79.55999755859375
77.55000305175781
79.30000305175781
81.19000244140625
81.06999969482422
80.61000061035156
78.36000061035156
79.41000366210938
81.38999938964844
80.77999877929688
80.87000274658203
79.76000213623047
80.93000030517578
82.2300033569336
81.68000030517578
81.13999938964844
79.94000244140625
80.58000183105469
81.37000274658203
80.5199966430664
80.58999633789062
78.33999633789062
80.0199966430664
82.27999877929688
